Constituents (Atomic Number : Fraction by Weight)

 Z=13	: 1.000000

Edge 	Photon Energy 	Scattering 	Photoelectric Absorption 	Pair
Production 	Total Attenuation
Coherent 	Incoherent 	In Nuclear Field 	In Electron Field 	With Coherent
Scattering 	Without Coherent Scattering
  MeV	 cm2/g	cm2/g	cm2/g	cm2/g	cm2/g	cm2/g	cm2/g
BEGIN:
       1.000E-03 2.26E+00 1.43E-02 1.18E+03 0.00E+00 0.00E+00 1.19E+03 1.18E+03
       1.098E-03 2.21E+00 1.63E-02 9.22E+02 0.00E+00 0.00E+00 9.24E+02 9.22E+02       
       1.205E-03 2.16E+00 1.86E-02 7.18E+02 0.00E+00 0.00E+00 7.20E+02 7.18E+02
       1.323E-03 2.11E+00 2.11E-02 5.60E+02 0.00E+00 0.00E+00 5.62E+02 5.60E+02
       1.453E-03 2.06E+00 2.38E-02 4.36E+02 0.00E+00 0.00E+00 4.38E+02 4.36E+02
       1.595E-03 2.00E+00 2.66E-02 3.77E+03 0.00E+00 0.00E+00 3.77E+03 3.77E+03
       1.751E-03 1.94E+00 2.95E-02 3.07E+03 0.00E+00 0.00E+00 3.07E+03 3.07E+03
       1.922E-03 1.87E+00 3.25E-02 2.48E+03 0.00E+00 0.00E+00 2.48E+03 2.48E+03
       2.110E-03 1.80E+00 3.55E-02 1.99E+03 0.00E+00 0.00E+00 1.99E+03 1.99E+03
       2.317E-03 1.73E+00 3.86E-02 1.57E+03 0.00E+00 0.00E+00 1.57E+03 1.57E+03
       2.543E-03 1.65E+00 4.17E-02 1.23E+03 0.00E+00 0.00E+00 1.23E+03 1.23E+03
       2.792E-03 1.58E+00 4.48E-02 9.55E+02 0.00E+00 0.00E+00 9.57E+02 9.55E+02
       3.065E-03 1.51E+00 4.81E-02 7.42E+02 0.00E+00 0.00E+00 7.43E+02 7.42E+02
       3.365E-03 1.43E+00 5.14E-02 5.76E+02 0.00E+00 0.00E+00 5.78E+02 5.76E+02
       3.695E-03 1.36E+00 5.50E-02 4.47E+02 0.00E+00 0.00E+00 4.48E+02 4.47E+02
       4.056E-03 1.28E+00 5.87E-02 3.46E+02 0.00E+00 0.00E+00 3.47E+02 3.46E+02
       4.453E-03 1.21E+00 6.26E-02 2.66E+02 0.00E+00 0.00E+00 2.68E+02 2.66E+02
       4.889E-03 1.13E+00 6.68E-02 2.05E+02 0.00E+00 0.00E+00 2.06E+02 2.05E+02
       5.367E-03 1.06E+00 7.13E-02 1.57E+02 0.00E+00 0.00E+00 1.58E+02 1.57E+02
       5.892E-03 9.79E-01 7.60E-02 1.20E+02 0.00E+00 0.00E+00 1.21E+02 1.20E+02
       6.469E-03 9.00E-01 8.10E-02 9.20E+01 0.00E+00 0.00E+00 9.30E+01 9.21E+01
       7.101E-03 8.22E-01 8.61E-02 7.02E+01 0.00E+00 0.00E+00 7.11E+01 7.02E+01
       7.796E-03 7.44E-01 9.14E-02 5.34E+01 0.00E+00 0.00E+00 5.42E+01 5.35E+01
       8.559E-03 6.69E-01 9.68E-02 4.06E+01 0.00E+00 0.00E+00 4.13E+01 4.07E+01
       9.397E-03 5.97E-01 1.02E-01 3.08E+01 0.00E+00 0.00E+00 3.15E+01 3.09E+01
       1.032E-02 5.29E-01 1.08E-01 2.33E+01 0.00E+00 0.00E+00 2.39E+01 2.34E+01
       1.132E-02 4.67E-01 1.13E-01 1.76E+01 0.00E+00 0.00E+00 1.82E+01 1.77E+01
       1.243E-02 4.11E-01 1.18E-01 1.33E+01 0.00E+00 0.00E+00 1.38E+01 1.34E+01
       1.365E-02 3.60E-01 1.22E-01 1.00E+01 0.00E+00 0.00E+00 1.05E+01 1.01E+01
       1.499E-02 3.14E-01 1.26E-01 7.54E+00 0.00E+00 0.00E+00 7.98E+00 7.66E+00
       1.645E-02 2.74E-01 1.30E-01 5.66E+00 0.00E+00 0.00E+00 6.07E+00 5.79E+00
       1.806E-02 2.38E-01 1.34E-01 4.25E+00 0.00E+00 0.00E+00 4.62E+00 4.38E+00
       1.983E-02 2.07E-01 1.37E-01 3.18E+00 0.00E+00 0.00E+00 3.53E+00 3.32E+00
       2.177E-02 1.80E-01 1.40E-01 2.38E+00 0.00E+00 0.00E+00 2.70E+00 2.52E+00
       2.390E-02 1.56E-01 1.42E-01 1.78E+00 0.00E+00 0.00E+00 2.08E+00 1.92E+00
       2.624E-02 1.35E-01 1.44E-01 1.33E+00 0.00E+00 0.00E+00 1.61E+00 1.47E+00
       2.880E-02 1.17E-01 1.46E-01 9.92E-01 0.00E+00 0.00E+00 1.25E+00 1.14E+00
       3.162E-02 1.01E-01 1.47E-01 7.39E-01 0.00E+00 0.00E+00 9.87E-01 8.86E-01
       3.472E-02 8.67E-02 1.48E-01 5.50E-01 0.00E+00 0.00E+00 7.85E-01 6.98E-01
       3.811E-02 7.43E-02 1.49E-01 4.09E-01 0.00E+00 0.00E+00 6.32E-01 5.58E-01
       4.184E-02 6.36E-02 1.50E-01 3.04E-01 0.00E+00 0.00E+00 5.17E-01 4.53E-01
       4.594E-02 5.42E-02 1.50E-01 2.25E-01 0.00E+00 0.00E+00 4.29E-01 3.75E-01
       5.043E-02 4.61E-02 1.50E-01 1.67E-01 0.00E+00 0.00E+00 3.63E-01 3.17E-01
       5.537E-02 3.91E-02 1.49E-01 1.24E-01 0.00E+00 0.00E+00 3.12E-01 2.73E-01
       6.078E-02 3.31E-02 1.48E-01 9.17E-02 0.00E+00 0.00E+00 2.73E-01 2.40E-01
       6.673E-02 2.79E-02 1.47E-01 6.79E-02 0.00E+00 0.00E+00 2.43E-01 2.15E-01
       7.326E-02 2.36E-02 1.46E-01 5.03E-02 0.00E+00 0.00E+00 2.19E-01 1.96E-01
       8.043E-02 1.99E-02 1.44E-01 3.72E-02 0.00E+00 0.00E+00 2.01E-01 1.81E-01
       8.830E-02 1.67E-02 1.42E-01 2.75E-02 0.00E+00 0.00E+00 1.86E-01 1.69E-01
       9.694E-02 1.40E-02 1.40E-01 2.03E-02 0.00E+00 0.00E+00 1.74E-01 1.60E-01
       1.064E-01 1.18E-02 1.37E-01 1.51E-02 0.00E+00 0.00E+00 1.64E-01 1.52E-01
       1.168E-01 9.87E-03 1.35E-01 1.11E-02 0.00E+00 0.00E+00 1.56E-01 1.46E-01
       1.283E-01 8.26E-03 1.32E-01 8.25E-03 0.00E+00 0.00E+00 1.48E-01 1.40E-01
       1.408E-01 6.91E-03 1.29E-01 6.11E-03 0.00E+00 0.00E+00 1.42E-01 1.35E-01
       1.546E-01 5.78E-03 1.26E-01 4.53E-03 0.00E+00 0.00E+00 1.36E-01 1.30E-01
       1.697E-01 4.82E-03 1.23E-01 3.37E-03 0.00E+00 0.00E+00 1.31E-01 1.26E-01
       1.863E-01 4.02E-03 1.19E-01 2.50E-03 0.00E+00 0.00E+00 1.26E-01 1.22E-01
       2.046E-01 3.35E-03 1.16E-01 1.87E-03 0.00E+00 0.00E+00 1.21E-01 1.18E-01
       2.246E-01 2.79E-03 1.13E-01 1.39E-03 0.00E+00 0.00E+00 1.17E-01 1.14E-01
       2.465E-01 2.33E-03 1.09E-01 1.04E-03 0.00E+00 0.00E+00 1.13E-01 1.10E-01
       2.707E-01 1.94E-03 1.06E-01 7.84E-04 0.00E+00 0.00E+00 1.09E-01 1.07E-01
       2.971E-01 1.61E-03 1.02E-01 5.91E-04 0.00E+00 0.00E+00 1.05E-01 1.03E-01
       3.262E-01 1.34E-03 9.90E-02 4.48E-04 0.00E+00 0.00E+00 1.01E-01 9.95E-02
       3.581E-01 1.11E-03 9.56E-02 3.40E-04 0.00E+00 0.00E+00 9.71E-02 9.60E-02
       3.932E-01 9.24E-04 9.22E-02 2.60E-04 0.00E+00 0.00E+00 9.34E-02 9.25E-02
       4.317E-01 7.68E-04 8.89E-02 2.00E-04 0.00E+00 0.00E+00 8.99E-02 8.91E-02
       4.739E-01 6.38E-04 8.56E-02 1.55E-04 0.00E+00 0.00E+00 8.64E-02 8.58E-02
       5.203E-01 5.30E-04 8.24E-02 1.21E-04 0.00E+00 0.00E+00 8.30E-02 8.25E-02
       5.712E-01 4.40E-04 7.92E-02 9.52E-05 0.00E+00 0.00E+00 7.97E-02 7.93E-02
       6.270E-01 3.65E-04 7.61E-02 7.51E-05 0.00E+00 0.00E+00 7.65E-02 7.61E-02
       6.884E-01 3.03E-04 7.30E-02 5.96E-05 0.00E+00 0.00E+00 7.33E-02 7.30E-02
       7.558E-01 2.52E-04 7.00E-02 4.80E-05 0.00E+00 0.00E+00 7.03E-02 7.00E-02
       8.297E-01 2.09E-04 6.70E-02 3.96E-05 0.00E+00 0.00E+00 6.72E-02 6.70E-02
       9.109E-01 1.73E-04 6.41E-02 3.29E-05 0.00E+00 0.00E+00 6.43E-02 6.41E-02
       1.000E+00 1.44E-04 6.13E-02 2.64E-05 0.00E+00 0.00E+00 6.15E-02 6.13E-02
