Constituents (Atomic Number : Fraction by Weight)

 Z=18	: 1.000000
Edge 	Photon Energy 	Scattering 	Photoelectric Absorption 	Pair
Production 	Total Attenuation
Coherent 	Incoherent 	In Nuclear Field 	In Electron Field 	With Coherent
Scattering 	Without Coherent Scattering
MeV	cm2/g	cm2/g	cm2/g	cm2/g	cm2/g	cm2/g	cm2/g
BEGIN:
1.000E-03 3.04E+00 7.08E-03 3.18E+03 0.00E+00 0.00E+00 3.18E+03 3.18E+03
1.098E-03 3.00E+00 8.34E-03 2.49E+03 0.00E+00 0.00E+00 2.50E+03 2.49E+03
1.205E-03 2.95E+00 9.82E-03 1.95E+03 0.00E+00 0.00E+00 1.96E+03 1.95E+03
1.323E-03 2.90E+00 1.15E-02 1.53E+03 0.00E+00 0.00E+00 1.53E+03 1.53E+03
1.453E-03 2.84E+00 1.35E-02 1.20E+03 0.00E+00 0.00E+00 1.20E+03 1.20E+03
1.595E-03 2.78E+00 1.57E-02 9.35E+02 0.00E+00 0.00E+00 9.38E+02 9.35E+02
1.751E-03 2.70E+00 1.81E-02 7.28E+02 0.00E+00 0.00E+00 7.31E+02 7.28E+02
1.922E-03 2.61E+00 2.08E-02 5.67E+02 0.00E+00 0.00E+00 5.69E+02 5.67E+02
2.110E-03 2.51E+00 2.38E-02 4.40E+02 0.00E+00 0.00E+00 4.42E+02 4.40E+02
2.317E-03 2.41E+00 2.70E-02 3.41E+02 0.00E+00 0.00E+00 3.43E+02 3.41E+02
2.543E-03 2.30E+00 3.05E-02 2.64E+02 0.00E+00 0.00E+00 2.66E+02 2.64E+02
2.792E-03 2.18E+00 3.42E-02 2.05E+02 0.00E+00 0.00E+00 2.07E+02 2.05E+02
3.065E-03 2.05E+00 3.81E-02 1.58E+02 0.00E+00 0.00E+00 1.61E+02 1.59E+02
3.365E-03 1.93E+00 4.22E-02 1.14E+03 0.00E+00 0.00E+00 1.14E+03 1.14E+03
3.695E-03 1.80E+00 4.65E-02 9.16E+02 0.00E+00 0.00E+00 9.17E+02 9.16E+02
4.056E-03 1.68E+00 5.09E-02 7.30E+02 0.00E+00 0.00E+00 7.31E+02 7.30E+02
4.453E-03 1.55E+00 5.54E-02 5.73E+02 0.00E+00 0.00E+00 5.75E+02 5.74E+02
4.889E-03 1.44E+00 5.99E-02 4.47E+02 0.00E+00 0.00E+00 4.49E+02 4.47E+02
5.367E-03 1.33E+00 6.44E-02 3.48E+02 0.00E+00 0.00E+00 3.50E+02 3.48E+02
5.892E-03 1.22E+00 6.89E-02 2.71E+02 0.00E+00 0.00E+00 2.72E+02 2.71E+02
6.469E-03 1.12E+00 7.32E-02 2.10E+02 0.00E+00 0.00E+00 2.12E+02 2.10E+02
7.101E-03 1.03E+00 7.75E-02 1.63E+02 0.00E+00 0.00E+00 1.64E+02 1.63E+02
7.796E-03 9.47E-01 8.18E-02 1.26E+02 0.00E+00 0.00E+00 1.27E+02 1.26E+02
8.559E-03 8.67E-01 8.60E-02 9.68E+01 0.00E+00 0.00E+00 9.78E+01 9.69E+01
9.397E-03 7.90E-01 9.01E-02 7.44E+01 0.00E+00 0.00E+00 7.53E+01 7.45E+01
1.032E-02 7.17E-01 9.43E-02 5.70E+01 0.00E+00 0.00E+00 5.78E+01 5.71E+01
1.132E-02 6.46E-01 9.84E-02 4.36E+01 0.00E+00 0.00E+00 4.44E+01 4.37E+01
1.243E-02 5.79E-01 1.03E-01 3.33E+01 0.00E+00 0.00E+00 3.40E+01 3.34E+01
1.365E-02 5.16E-01 1.07E-01 2.54E+01 0.00E+00 0.00E+00 2.60E+01 2.55E+01
1.499E-02 4.56E-01 1.10E-01 1.93E+01 0.00E+00 0.00E+00 1.99E+01 1.94E+01
1.645E-02 4.01E-01 1.14E-01 1.47E+01 0.00E+00 0.00E+00 1.52E+01 1.48E+01
1.806E-02 3.51E-01 1.18E-01 1.11E+01 0.00E+00 0.00E+00 1.16E+01 1.12E+01
1.983E-02 3.06E-01 1.21E-01 8.42E+00 0.00E+00 0.00E+00 8.85E+00 8.54E+00
2.177E-02 2.66E-01 1.24E-01 6.36E+00 0.00E+00 0.00E+00 6.75E+00 6.49E+00
2.390E-02 2.30E-01 1.27E-01 4.80E+00 0.00E+00 0.00E+00 5.16E+00 4.93E+00
2.624E-02 1.99E-01 1.29E-01 3.62E+00 0.00E+00 0.00E+00 3.94E+00 3.75E+00
2.880E-02 1.72E-01 1.31E-01 2.72E+00 0.00E+00 0.00E+00 3.02E+00 2.85E+00
3.162E-02 1.49E-01 1.32E-01 2.04E+00 0.00E+00 0.00E+00 2.33E+00 2.18E+00
3.472E-02 1.28E-01 1.34E-01 1.53E+00 0.00E+00 0.00E+00 1.80E+00 1.67E+00
3.811E-02 1.10E-01 1.35E-01 1.15E+00 0.00E+00 0.00E+00 1.40E+00 1.29E+00
4.184E-02 9.49E-02 1.35E-01 8.62E-01 0.00E+00 0.00E+00 1.09E+00 9.97E-01
4.594E-02 8.14E-02 1.36E-01 6.44E-01 0.00E+00 0.00E+00 8.62E-01 7.80E-01
5.043E-02 6.97E-02 1.36E-01 4.81E-01 0.00E+00 0.00E+00 6.87E-01 6.17E-01
5.537E-02 5.95E-02 1.36E-01 3.59E-01 0.00E+00 0.00E+00 5.55E-01 4.95E-01
6.078E-02 5.06E-02 1.35E-01 2.68E-01 0.00E+00 0.00E+00 4.54E-01 4.03E-01
6.673E-02 4.30E-02 1.34E-01 2.00E-01 0.00E+00 0.00E+00 3.77E-01 3.34E-01
7.326E-02 3.64E-02 1.33E-01 1.49E-01 0.00E+00 0.00E+00 3.19E-01 2.82E-01
8.043E-02 3.08E-02 1.32E-01 1.11E-01 0.00E+00 0.00E+00 2.74E-01 2.43E-01
8.830E-02 2.60E-02 1.31E-01 8.25E-02 0.00E+00 0.00E+00 2.39E-01 2.13E-01
9.694E-02 2.19E-02 1.29E-01 6.14E-02 0.00E+00 0.00E+00 2.12E-01 1.90E-01
1.064E-01 1.84E-02 1.27E-01 4.57E-02 0.00E+00 0.00E+00 1.91E-01 1.72E-01
1.168E-01 1.54E-02 1.24E-01 3.40E-02 0.00E+00 0.00E+00 1.74E-01 1.58E-01
1.283E-01 1.30E-02 1.22E-01 2.53E-02 0.00E+00 0.00E+00 1.60E-01 1.47E-01
1.408E-01 1.09E-02 1.19E-01 1.88E-02 0.00E+00 0.00E+00 1.49E-01 1.38E-01
1.546E-01 9.10E-03 1.17E-01 1.40E-02 0.00E+00 0.00E+00 1.40E-01 1.31E-01
1.697E-01 7.61E-03 1.14E-01 1.05E-02 0.00E+00 0.00E+00 1.32E-01 1.24E-01
1.863E-01 6.36E-03 1.11E-01 7.83E-03 0.00E+00 0.00E+00 1.25E-01 1.19E-01
2.046E-01 5.31E-03 1.08E-01 5.86E-03 0.00E+00 0.00E+00 1.19E-01 1.14E-01
2.246E-01 4.43E-03 1.05E-01 4.39E-03 0.00E+00 0.00E+00 1.14E-01 1.09E-01
2.465E-01 3.70E-03 1.02E-01 3.30E-03 0.00E+00 0.00E+00 1.09E-01 1.05E-01
2.707E-01 3.08E-03 9.87E-02 2.49E-03 0.00E+00 0.00E+00 1.04E-01 1.01E-01
2.971E-01 2.57E-03 9.55E-02 1.88E-03 0.00E+00 0.00E+00 1.00E-01 9.74E-02
3.262E-01 2.14E-03 9.24E-02 1.43E-03 0.00E+00 0.00E+00 9.59E-02 9.38E-02
3.581E-01 1.78E-03 8.92E-02 1.09E-03 0.00E+00 0.00E+00 9.21E-02 9.03E-02
3.932E-01 1.48E-03 8.61E-02 8.37E-04 0.00E+00 0.00E+00 8.84E-02 8.69E-02
4.317E-01 1.23E-03 8.30E-02 6.46E-04 0.00E+00 0.00E+00 8.49E-02 8.37E-02
4.739E-01 1.02E-03 8.00E-02 5.01E-04 0.00E+00 0.00E+00 8.15E-02 8.05E-02
5.203E-01 8.48E-04 7.69E-02 3.92E-04 0.00E+00 0.00E+00 7.82E-02 7.73E-02
5.712E-01 7.05E-04 7.40E-02 3.08E-04 0.00E+00 0.00E+00 7.50E-02 7.43E-02
6.270E-01 5.85E-04 7.11E-02 2.44E-04 0.00E+00 0.00E+00 7.19E-02 7.13E-02
6.884E-01 4.86E-04 6.82E-02 1.94E-04 0.00E+00 0.00E+00 6.89E-02 6.84E-02
7.558E-01 4.03E-04 6.54E-02 1.56E-04 0.00E+00 0.00E+00 6.59E-02 6.55E-02
8.297E-01 3.35E-04 6.26E-02 1.28E-04 0.00E+00 0.00E+00 6.31E-02 6.28E-02
9.109E-01 2.78E-04 5.99E-02 1.06E-04 0.00E+00 0.00E+00 6.03E-02 6.00E-02
1.000E+00 2.31E-04 5.73E-02 8.59E-05 0.00E+00 0.00E+00 5.76E-02 5.74E-02
