Constituents (Atomic Number : Fraction by Weight)

 Z=6	: 1.000000

Edge 	Photon Energy 	Scattering 	Photoelectric Absorption 	Pair
Production 	Total Attenuation
Coherent 	Incoherent 	In Nuclear Field 	In Electron Field 	With Coherent
Scattering 	Without Coherent Scattering
MeV	cm2/g	cm2/g	cm2/g	cm2/g	cm2/g	cm2/g	cm2/g
BEGIN:
       1.000E-03 1.08E+00 1.26E-02 2.21E+03 0.00E+00 0.00E+00 2.21E+03 2.21E+03
       1.098E-03 1.05E+00 1.48E-02 1.70E+03 0.00E+00 0.00E+00 1.70E+03 1.70E+03
       1.205E-03 1.03E+00 1.74E-02 1.31E+03 0.00E+00 0.00E+00 1.31E+03 1.31E+03
       1.323E-03 1.00E+00 2.04E-02 1.00E+03 0.00E+00 0.00E+00 1.00E+03 1.00E+03
       1.453E-03 9.70E-01 2.38E-02 7.67E+02 0.00E+00 0.00E+00 7.68E+02 7.67E+02
       1.595E-03 9.35E-01 2.76E-02 5.86E+02 0.00E+00 0.00E+00 5.87E+02 5.86E+02
       1.751E-03 8.95E-01 3.18E-02 4.46E+02 0.00E+00 0.00E+00 4.47E+02 4.46E+02
       1.922E-03 8.51E-01 3.65E-02 3.39E+02 0.00E+00 0.00E+00 3.40E+02 3.39E+02
       2.110E-03 8.05E-01 4.16E-02 2.57E+02 0.00E+00 0.00E+00 2.58E+02 2.57E+02
       2.317E-03 7.55E-01 4.71E-02 1.95E+02 0.00E+00 0.00E+00 1.96E+02 1.95E+02
       2.543E-03 7.04E-01 5.29E-02 1.47E+02 0.00E+00 0.00E+00 1.48E+02 1.48E+02
       2.792E-03 6.53E-01 5.91E-02 1.11E+02 0.00E+00 0.00E+00 1.12E+02 1.11E+02
       3.065E-03 6.01E-01 6.56E-02 8.40E+01 0.00E+00 0.00E+00 8.46E+01 8.40E+01
       3.365E-03 5.50E-01 7.22E-02 6.32E+01 0.00E+00 0.00E+00 6.38E+01 6.33E+01
       3.695E-03 5.00E-01 7.89E-02 4.75E+01 0.00E+00 0.00E+00 4.81E+01 4.76E+01
       4.056E-03 4.53E-01 8.55E-02 3.57E+01 0.00E+00 0.00E+00 3.62E+01 3.58E+01
       4.453E-03 4.09E-01 9.19E-02 2.67E+01 0.00E+00 0.00E+00 2.72E+01 2.68E+01
       4.889E-03 3.69E-01 9.80E-02 2.00E+01 0.00E+00 0.00E+00 2.05E+01 2.01E+01
       5.367E-03 3.32E-01 1.04E-01 1.50E+01 0.00E+00 0.00E+00 1.54E+01 1.51E+01
       5.892E-03 2.98E-01 1.09E-01 1.12E+01 0.00E+00 0.00E+00 1.16E+01 1.13E+01
       6.469E-03 2.68E-01 1.15E-01 8.32E+00 0.00E+00 0.00E+00 8.70E+00 8.43E+00
       7.101E-03 2.40E-01 1.19E-01 6.19E+00 0.00E+00 0.00E+00 6.55E+00 6.31E+00
       7.796E-03 2.16E-01 1.24E-01 4.60E+00 0.00E+00 0.00E+00 4.94E+00 4.73E+00
       8.559E-03 1.94E-01 1.28E-01 3.42E+00 0.00E+00 0.00E+00 3.74E+00 3.55E+00
       9.397E-03 1.74E-01 1.33E-01 2.54E+00 0.00E+00 0.00E+00 2.84E+00 2.67E+00
       1.032E-02 1.56E-01 1.37E-01 1.88E+00 0.00E+00 0.00E+00 2.17E+00 2.01E+00
       1.132E-02 1.40E-01 1.40E-01 1.39E+00 0.00E+00 0.00E+00 1.67E+00 1.53E+00
       1.243E-02 1.25E-01 1.44E-01 1.03E+00 0.00E+00 0.00E+00 1.30E+00 1.17E+00
       1.365E-02 1.11E-01 1.48E-01 7.59E-01 0.00E+00 0.00E+00 1.02E+00 9.07E-01
       1.499E-02 9.80E-02 1.51E-01 5.60E-01 0.00E+00 0.00E+00 8.09E-01 7.11E-01
       1.645E-02 8.62E-02 1.54E-01 4.13E-01 0.00E+00 0.00E+00 6.53E-01 5.67E-01
       1.806E-02 7.54E-02 1.57E-01 3.04E-01 0.00E+00 0.00E+00 5.36E-01 4.61E-01
       1.983E-02 6.56E-02 1.59E-01 2.24E-01 0.00E+00 0.00E+00 4.49E-01 3.83E-01
       2.177E-02 5.68E-02 1.61E-01 1.65E-01 0.00E+00 0.00E+00 3.83E-01 3.26E-01
       2.390E-02 4.90E-02 1.63E-01 1.21E-01 0.00E+00 0.00E+00 3.33E-01 2.84E-01
       2.624E-02 4.21E-02 1.64E-01 8.89E-02 0.00E+00 0.00E+00 2.95E-01 2.53E-01
       2.880E-02 3.60E-02 1.65E-01 6.53E-02 0.00E+00 0.00E+00 2.67E-01 2.30E-01
       3.162E-02 3.08E-02 1.66E-01 4.79E-02 0.00E+00 0.00E+00 2.44E-01 2.14E-01
       3.472E-02 2.62E-02 1.66E-01 3.51E-02 0.00E+00 0.00E+00 2.27E-01 2.01E-01
       3.811E-02 2.23E-02 1.66E-01 2.58E-02 0.00E+00 0.00E+00 2.14E-01 1.91E-01
       4.184E-02 1.89E-02 1.65E-01 1.89E-02 0.00E+00 0.00E+00 2.03E-01 1.84E-01
       4.594E-02 1.60E-02 1.64E-01 1.38E-02 0.00E+00 0.00E+00 1.94E-01 1.78E-01
       5.043E-02 1.35E-02 1.63E-01 1.01E-02 0.00E+00 0.00E+00 1.86E-01 1.73E-01
       5.537E-02 1.14E-02 1.61E-01 7.42E-03 0.00E+00 0.00E+00 1.80E-01 1.69E-01
       6.078E-02 9.57E-03 1.60E-01 5.43E-03 0.00E+00 0.00E+00 1.75E-01 1.65E-01
       6.673E-02 8.04E-03 1.58E-01 3.98E-03 0.00E+00 0.00E+00 1.70E-01 1.62E-01
       7.326E-02 6.75E-03 1.55E-01 2.91E-03 0.00E+00 0.00E+00 1.65E-01 1.58E-01
       8.043E-02 5.65E-03 1.53E-01 2.13E-03 0.00E+00 0.00E+00 1.61E-01 1.55E-01
       8.830E-02 4.73E-03 1.50E-01 1.56E-03 0.00E+00 0.00E+00 1.57E-01 1.52E-01
       9.694E-02 3.95E-03 1.48E-01 1.14E-03 0.00E+00 0.00E+00 1.53E-01 1.49E-01
       1.064E-01 3.30E-03 1.45E-01 8.39E-04 0.00E+00 0.00E+00 1.49E-01 1.45E-01
       1.168E-01 2.75E-03 1.42E-01 6.16E-04 0.00E+00 0.00E+00 1.45E-01 1.42E-01
       1.283E-01 2.29E-03 1.38E-01 4.53E-04 0.00E+00 0.00E+00 1.41E-01 1.39E-01
       1.408E-01 1.91E-03 1.35E-01 3.33E-04 0.00E+00 0.00E+00 1.37E-01 1.35E-01
       1.546E-01 1.59E-03 1.32E-01 2.45E-04 0.00E+00 0.00E+00 1.33E-01 1.32E-01
       1.697E-01 1.32E-03 1.28E-01 1.81E-04 0.00E+00 0.00E+00 1.30E-01 1.28E-01
       1.863E-01 1.10E-03 1.25E-01 1.34E-04 0.00E+00 0.00E+00 1.26E-01 1.25E-01
       2.046E-01 9.12E-04 1.21E-01 9.89E-05 0.00E+00 0.00E+00 1.22E-01 1.21E-01
       2.246E-01 7.58E-04 1.17E-01 7.34E-05 0.00E+00 0.00E+00 1.18E-01 1.17E-01
       2.465E-01 6.30E-04 1.14E-01 5.47E-05 0.00E+00 0.00E+00 1.14E-01 1.14E-01
       2.707E-01 5.23E-04 1.10E-01 4.09E-05 0.00E+00 0.00E+00 1.11E-01 1.10E-01
       2.971E-01 4.35E-04 1.07E-01 3.07E-05 0.00E+00 0.00E+00 1.07E-01 1.07E-01
       3.262E-01 3.61E-04 1.03E-01 2.31E-05 0.00E+00 0.00E+00 1.03E-01 1.03E-01
       3.581E-01 3.00E-04 9.94E-02 1.75E-05 0.00E+00 0.00E+00 9.97E-02 9.94E-02
       3.932E-01 2.49E-04 9.59E-02 1.34E-05 0.00E+00 0.00E+00 9.61E-02 9.59E-02
       4.317E-01 2.06E-04 9.24E-02 1.02E-05 0.00E+00 0.00E+00 9.26E-02 9.24E-02
       4.739E-01 1.71E-04 8.89E-02 7.90E-06 0.00E+00 0.00E+00 8.91E-02 8.90E-02
       5.203E-01 1.42E-04 8.56E-02 6.16E-06 0.00E+00 0.00E+00 8.57E-02 8.56E-02
       5.712E-01 1.18E-04 8.22E-02 4.83E-06 0.00E+00 0.00E+00 8.23E-02 8.22E-02
       6.270E-01 9.79E-05 7.89E-02 3.79E-06 0.00E+00 0.00E+00 7.90E-02 7.89E-02
       6.884E-01 8.13E-05 7.57E-02 2.97E-06 0.00E+00 0.00E+00 7.58E-02 7.57E-02
       7.558E-01 6.74E-05 7.26E-02 2.39E-06 0.00E+00 0.00E+00 7.27E-02 7.26E-02
       8.297E-01 5.59E-05 6.95E-02 2.02E-06 0.00E+00 0.00E+00 6.95E-02 6.95E-02
       9.109E-01 4.64E-05 6.65E-02 1.72E-06 0.00E+00 0.00E+00 6.65E-02 6.65E-02
       1.000E+00 3.85E-05 6.36E-02 1.33E-06 0.00E+00 0.00E+00 6.36E-02 6.36E-02

