Constituents (Atomic Number : Fraction by Weight)

 Z=10	: 1.000000

Edge 	Photon Energy 	Scattering 	Photoelectric Absorption 	Pair
Production 	Total Attenuation
Coherent 	Incoherent 	In Nuclear Field 	In Electron Field 	With Coherent
Scattering 	Without Coherent Scattering
MeV	cm2/g	cm2/g	cm2/g	cm2/g	cm2/g	cm2/g	cm2/g
BEGIN:
       1.000E-03 1.90E+00 5.48E-03 7.41E+03 0.00E+00 0.00E+00 7.41E+03 7.41E+03
       1.098E-03 1.88E+00 6.53E-03 5.87E+03 0.00E+00 0.00E+00 5.87E+03 5.87E+03
       1.205E-03 1.86E+00 7.78E-03 4.65E+03 0.00E+00 0.00E+00 4.65E+03 4.65E+03
       1.323E-03 1.84E+00 9.26E-03 3.67E+03 0.00E+00 0.00E+00 3.68E+03 3.67E+03
       1.453E-03 1.81E+00 1.10E-02 2.89E+03 0.00E+00 0.00E+00 2.90E+03 2.89E+03
       1.595E-03 1.78E+00 1.30E-02 2.27E+03 0.00E+00 0.00E+00 2.27E+03 2.27E+03
       1.751E-03 1.75E+00 1.53E-02 1.77E+03 0.00E+00 0.00E+00 1.78E+03 1.77E+03
       1.922E-03 1.70E+00 1.80E-02 1.38E+03 0.00E+00 0.00E+00 1.38E+03 1.38E+03
       2.110E-03 1.65E+00 2.11E-02 1.07E+03 0.00E+00 0.00E+00 1.07E+03 1.07E+03
       2.317E-03 1.60E+00 2.45E-02 8.31E+02 0.00E+00 0.00E+00 8.32E+02 8.31E+02
       2.543E-03 1.54E+00 2.84E-02 6.41E+02 0.00E+00 0.00E+00 6.43E+02 6.42E+02
       2.792E-03 1.47E+00 3.28E-02 4.94E+02 0.00E+00 0.00E+00 4.96E+02 4.94E+02
       3.065E-03 1.40E+00 3.76E-02 3.80E+02 0.00E+00 0.00E+00 3.81E+02 3.80E+02
       3.365E-03 1.32E+00 4.28E-02 2.91E+02 0.00E+00 0.00E+00 2.93E+02 2.91E+02
       3.695E-03 1.23E+00 4.85E-02 2.23E+02 0.00E+00 0.00E+00 2.24E+02 2.23E+02
       4.056E-03 1.15E+00 5.45E-02 1.70E+02 0.00E+00 0.00E+00 1.71E+02 1.70E+02
       4.453E-03 1.06E+00 6.09E-02 1.30E+02 0.00E+00 0.00E+00 1.31E+02 1.30E+02
       4.889E-03 9.66E-01 6.76E-02 9.87E+01 0.00E+00 0.00E+00 9.97E+01 9.88E+01
       5.367E-03 8.77E-01 7.45E-02 7.50E+01 0.00E+00 0.00E+00 7.59E+01 7.50E+01
       5.892E-03 7.90E-01 8.14E-02 5.68E+01 0.00E+00 0.00E+00 5.77E+01 5.69E+01
       6.469E-03 7.08E-01 8.84E-02 4.30E+01 0.00E+00 0.00E+00 4.38E+01 4.31E+01
       7.101E-03 6.31E-01 9.52E-02 3.25E+01 0.00E+00 0.00E+00 3.32E+01 3.26E+01
       7.796E-03 5.59E-01 1.02E-01 2.45E+01 0.00E+00 0.00E+00 2.51E+01 2.46E+01
       8.559E-03 4.94E-01 1.08E-01 1.84E+01 0.00E+00 0.00E+00 1.90E+01 1.85E+01
       9.397E-03 4.34E-01 1.14E-01 1.39E+01 0.00E+00 0.00E+00 1.44E+01 1.40E+01
       1.032E-02 3.81E-01 1.20E-01 1.04E+01 0.00E+00 0.00E+00 1.09E+01 1.05E+01
       1.132E-02 3.34E-01 1.25E-01 7.80E+00 0.00E+00 0.00E+00 8.26E+00 7.93E+00
       1.243E-02 2.92E-01 1.29E-01 5.84E+00 0.00E+00 0.00E+00 6.26E+00 5.97E+00
       1.365E-02 2.55E-01 1.34E-01 4.37E+00 0.00E+00 0.00E+00 4.76E+00 4.50E+00
       1.499E-02 2.23E-01 1.37E-01 3.26E+00 0.00E+00 0.00E+00 3.62E+00 3.40E+00
       1.645E-02 1.94E-01 1.41E-01 2.43E+00 0.00E+00 0.00E+00 2.77E+00 2.57E+00
       1.806E-02 1.69E-01 1.44E-01 1.81E+00 0.00E+00 0.00E+00 2.13E+00 1.96E+00
       1.983E-02 1.47E-01 1.47E-01 1.35E+00 0.00E+00 0.00E+00 1.64E+00 1.50E+00
       2.177E-02 1.28E-01 1.49E-01 1.00E+00 0.00E+00 0.00E+00 1.28E+00 1.15E+00
       2.390E-02 1.11E-01 1.52E-01 7.45E-01 0.00E+00 0.00E+00 1.01E+00 8.96E-01
       2.624E-02 9.58E-02 1.53E-01 5.53E-01 0.00E+00 0.00E+00 8.02E-01 7.06E-01
       2.880E-02 8.26E-02 1.55E-01 4.10E-01 0.00E+00 0.00E+00 6.47E-01 5.65E-01
       3.162E-02 7.09E-02 1.56E-01 3.03E-01 0.00E+00 0.00E+00 5.30E-01 4.59E-01
       3.472E-02 6.07E-02 1.57E-01 2.24E-01 0.00E+00 0.00E+00 4.42E-01 3.81E-01
       3.811E-02 5.18E-02 1.58E-01 1.66E-01 0.00E+00 0.00E+00 3.75E-01 3.24E-01
       4.184E-02 4.40E-02 1.58E-01 1.23E-01 0.00E+00 0.00E+00 3.24E-01 2.80E-01
       4.594E-02 3.74E-02 1.58E-01 9.05E-02 0.00E+00 0.00E+00 2.85E-01 2.48E-01
       5.043E-02 3.17E-02 1.57E-01 6.68E-02 0.00E+00 0.00E+00 2.55E-01 2.24E-01
       5.537E-02 2.68E-02 1.56E-01 4.92E-02 0.00E+00 0.00E+00 2.32E-01 2.05E-01
       6.078E-02 2.26E-02 1.55E-01 3.63E-02 0.00E+00 0.00E+00 2.14E-01 1.91E-01
       6.673E-02 1.90E-02 1.53E-01 2.68E-02 0.00E+00 0.00E+00 1.99E-01 1.80E-01
       7.326E-02 1.60E-02 1.52E-01 1.97E-02 0.00E+00 0.00E+00 1.87E-01 1.71E-01
       8.043E-02 1.35E-02 1.50E-01 1.45E-02 0.00E+00 0.00E+00 1.78E-01 1.64E-01
       8.830E-02 1.13E-02 1.47E-01 1.07E-02 0.00E+00 0.00E+00 1.69E-01 1.58E-01
       9.694E-02 9.49E-03 1.45E-01 7.88E-03 0.00E+00 0.00E+00 1.62E-01 1.53E-01
       1.064E-01 7.95E-03 1.42E-01 5.81E-03 0.00E+00 0.00E+00 1.56E-01 1.48E-01
       1.168E-01 6.65E-03 1.39E-01 4.28E-03 0.00E+00 0.00E+00 1.50E-01 1.44E-01
       1.283E-01 5.56E-03 1.36E-01 3.16E-03 0.00E+00 0.00E+00 1.45E-01 1.39E-01
       1.408E-01 4.64E-03 1.33E-01 2.33E-03 0.00E+00 0.00E+00 1.40E-01 1.35E-01
       1.546E-01 3.87E-03 1.30E-01 1.73E-03 0.00E+00 0.00E+00 1.35E-01 1.32E-01
       1.697E-01 3.23E-03 1.27E-01 1.28E-03 0.00E+00 0.00E+00 1.31E-01 1.28E-01
       1.863E-01 2.69E-03 1.23E-01 9.48E-04 0.00E+00 0.00E+00 1.27E-01 1.24E-01
       2.046E-01 2.24E-03 1.20E-01 7.05E-04 0.00E+00 0.00E+00 1.23E-01 1.20E-01
       2.246E-01 1.86E-03 1.16E-01 5.25E-04 0.00E+00 0.00E+00 1.19E-01 1.17E-01
       2.465E-01 1.55E-03 1.13E-01 3.92E-04 0.00E+00 0.00E+00 1.15E-01 1.13E-01
       2.707E-01 1.29E-03 1.09E-01 2.94E-04 0.00E+00 0.00E+00 1.11E-01 1.09E-01
       2.971E-01 1.07E-03 1.05E-01 2.21E-04 0.00E+00 0.00E+00 1.07E-01 1.06E-01
       3.262E-01 8.89E-04 1.02E-01 1.67E-04 0.00E+00 0.00E+00 1.03E-01 1.02E-01
       3.581E-01 7.39E-04 9.84E-02 1.27E-04 0.00E+00 0.00E+00 9.93E-02 9.86E-02
       3.932E-01 6.14E-04 9.50E-02 9.71E-05 0.00E+00 0.00E+00 9.57E-02 9.51E-02
       4.317E-01 5.10E-04 9.15E-02 7.46E-05 0.00E+00 0.00E+00 9.21E-02 9.16E-02
       4.739E-01 4.23E-04 8.81E-02 5.77E-05 0.00E+00 0.00E+00 8.86E-02 8.82E-02
       5.203E-01 3.51E-04 8.48E-02 4.50E-05 0.00E+00 0.00E+00 8.52E-02 8.48E-02
       5.712E-01 2.91E-04 8.15E-02 3.53E-05 0.00E+00 0.00E+00 8.18E-02 8.15E-02
       6.270E-01 2.42E-04 7.83E-02 2.78E-05 0.00E+00 0.00E+00 7.85E-02 7.83E-02
       6.884E-01 2.01E-04 7.51E-02 2.20E-05 0.00E+00 0.00E+00 7.53E-02 7.51E-02
       7.558E-01 1.67E-04 7.20E-02 1.77E-05 0.00E+00 0.00E+00 7.22E-02 7.20E-02
       8.297E-01 1.38E-04 6.89E-02 1.47E-05 0.00E+00 0.00E+00 6.91E-02 6.90E-02
       9.109E-01 1.15E-04 6.59E-02 1.23E-05 0.00E+00 0.00E+00 6.61E-02 6.60E-02
       1.000E+00 9.52E-05 6.31E-02 9.78E-06 0.00E+00 0.00E+00 6.32E-02 6.31E-02

