    Constituents (Atomic Number : Fraction by Weight)

 Z=54	: 1.000000
Edge 	Photon Energy 	Scattering 	Photoelectric Absorption 	Pair
Production 	Total Attenuation
Coherent 	Incoherent 	In Nuclear Field 	In Electron Field 	With Coherent
Scattering 	Without Coherent Scattering
MeV	cm2/g	cm2/g	cm2/g	cm2/g	cm2/g	cm2/g	cm2/g
BEGIN:
1.000E-03 8.46E+00 4.42E-03 9.40E+03 0.00E+00 0.00E+00 9.41E+03 9.40E+03 
1.072E-03 8.39E+00 4.97E-03 8.13E+03 0.00E+00 0.00E+00 8.14E+03 8.13E+03 
1.149E-03 8.33E+00 5.58E-03 7.33E+03 0.00E+00 0.00E+00 7.34E+03 7.33E+03 
1.149E-03 8.33E+00 5.58E-03 7.33E+03 0.00E+00 0.00E+00 7.34E+03 7.33E+03 
1.500E-03 8.00E+00 8.52E-03 4.08E+03 0.00E+00 0.00E+00 4.08E+03 4.08E+03 
2.000E-03 7.48E+00 1.28E-02 2.08E+03 0.00E+00 0.00E+00 2.09E+03 2.08E+03 
3.000E-03 6.48E+00 2.12E-02 7.72E+02 0.00E+00 0.00E+00 7.78E+02 7.72E+02 
4.000E-03 5.64E+00 2.87E-02 3.73E+02 0.00E+00 0.00E+00 3.79E+02 3.73E+02 
4.782E-03 5.09E+00 3.38E-02 2.36E+02 0.00E+00 0.00E+00 2.41E+02 2.36E+02 
4.782E-03 5.09E+00 3.38E-02 2.36E+02 0.00E+00 0.00E+00 2.41E+02 2.36E+02 
5.000E-03 4.94E+00 3.52E-02 6.34E+02 0.00E+00 0.00E+00 6.39E+02 6.34E+02 
5.104E-03 4.88E+00 3.58E-02 8.13E+02 0.00E+00 0.00E+00 8.18E+02 8.13E+02 
5.104E-03 4.88E+00 3.58E-02 8.13E+02 0.00E+00 0.00E+00 8.18E+02 8.13E+02 
5.275E-03 4.78E+00 3.68E-02 7.52E+02 0.00E+00 0.00E+00 7.56E+02 7.52E+02 
5.453E-03 4.67E+00 3.78E-02 8.02E+02 0.00E+00 0.00E+00 8.06E+02 8.02E+02 
5.453E-03 4.67E+00 3.78E-02 8.02E+02 0.00E+00 0.00E+00 8.06E+02 8.02E+02 
6.000E-03 4.37E+00 4.07E-02 6.33E+02 0.00E+00 0.00E+00 6.37E+02 6.33E+02 
8.000E-03 3.46E+00 5.03E-02 3.00E+02 0.00E+00 0.00E+00 3.03E+02 3.00E+02 
1.000E-02 2.81E+00 5.85E-02 1.66E+02 0.00E+00 0.00E+00 1.69E+02 1.66E+02 
1.500E-02 1.85E+00 7.44E-02 5.55E+01 0.00E+00 0.00E+00 5.74E+01 5.56E+01 
2.000E-02 1.32E+00 8.49E-02 2.51E+01 0.00E+00 0.00E+00 2.65E+01 2.52E+01 
3.000E-02 7.55E-01 9.73E-02 8.08E+00 0.00E+00 0.00E+00 8.93E+00 8.17E+00 
3.456E-02 6.12E-01 1.01E-01 5.42E+00 0.00E+00 0.00E+00 6.13E+00 5.52E+00 
3.456E-02 6.12E-01 1.01E-01 5.42E+00 0.00E+00 0.00E+00 6.13E+00 5.52E+00 
4.000E-02 4.91E-01 1.04E-01 2.21E+01 0.00E+00 0.00E+00 2.27E+01 2.22E+01 
5.000E-02 3.49E-01 1.07E-01 1.23E+01 0.00E+00 0.00E+00 1.27E+01 1.24E+01 
6.000E-02 2.61E-01 1.09E-01 7.45E+00 0.00E+00 0.00E+00 7.82E+00 7.56E+00 
8.000E-02 1.61E-01 1.10E-01 3.36E+00 0.00E+00 0.00E+00 3.63E+00 3.47E+00 
1.000E-01 1.09E-01 1.08E-01 1.79E+00 0.00E+00 0.00E+00 2.01E+00 1.90E+00 
1.500E-01 5.30E-02 1.02E-01 5.65E-01 0.00E+00 0.00E+00 7.20E-01 6.67E-01 
2.000E-01 3.14E-02 9.55E-02 2.49E-01 0.00E+00 0.00E+00 3.76E-01 3.45E-01 
3.000E-01 1.46E-02 8.49E-02 8.01E-02 0.00E+00 0.00E+00 1.80E-01 1.65E-01 
4.000E-01 8.44E-03 7.69E-02 3.70E-02 0.00E+00 0.00E+00 1.22E-01 1.14E-01 
5.000E-01 5.47E-03 7.06E-02 2.09E-02 0.00E+00 0.00E+00 9.70E-02 9.15E-02 
6.000E-01 3.84E-03 6.56E-02 1.34E-02 0.00E+00 0.00E+00 8.28E-02 7.90E-02 
8.000E-01 2.18E-03 5.78E-02 6.94E-03 0.00E+00 0.00E+00 6.70E-02 6.48E-02 
1.000E+00 1.40E-03 5.21E-02 4.34E-03 0.00E+00 0.00E+00 5.78E-02 5.64E-02 
1.022E+00 1.34E-03 5.16E-02 4.13E-03 0.00E+00 0.00E+00 5.70E-02 5.57E-02 
1.250E+00 9.02E-04 4.66E-02 2.78E-03 1.91E-04 0.00E+00 5.05E-02 4.96E-02 
1.500E+00 6.28E-04 4.24E-02 1.99E-03 8.85E-04 0.00E+00 4.59E-02 4.53E-02 
2.000E+00 3.54E-04 3.62E-02 1.21E-03 2.97E-03 0.00E+00 4.08E-02 4.04E-02 
2.044E+00 3.39E-04 3.58E-02 1.17E-03 3.17E-03 0.00E+00 4.05E-02 4.01E-02 
3.000E+00 1.58E-04 2.85E-02 6.42E-04 7.46E-03 9.98E-06 3.68E-02 3.67E-02 
4.000E+00 8.87E-05 2.38E-02 4.25E-04 1.14E-02 4.07E-05 3.58E-02 3.57E-02 
5.000E+00 5.68E-05 2.06E-02 3.14E-04 1.48E-02 8.10E-05 3.58E-02 3.58E-02 
6.000E+00 3.94E-05 1.82E-02 2.48E-04 1.77E-02 1.24E-04 3.63E-02 3.63E-02 
7.000E+00 2.90E-05 1.63E-02 2.04E-04 2.03E-02 1.67E-04 3.71E-02 3.71E-02 
8.000E+00 2.22E-05 1.49E-02 1.73E-04 2.27E-02 2.09E-04 3.80E-02 3.79E-02 
9.000E+00 1.75E-05 1.37E-02 1.50E-04 2.48E-02 2.49E-04 3.89E-02 3.89E-02 
1.000E+01 1.42E-05 1.27E-02 1.32E-04 2.68E-02 2.87E-04 3.99E-02 3.99E-02 
1.100E+01 1.17E-05 1.18E-02 1.18E-04 2.86E-02 3.23E-04 4.08E-02 4.08E-02 
1.200E+01 9.86E-06 1.11E-02 1.07E-04 3.02E-02 3.56E-04 4.18E-02 4.18E-02 
1.300E+01 8.40E-06 1.04E-02 9.77E-05 3.18E-02 3.88E-04 4.27E-02 4.27E-02 
1.400E+01 7.25E-06 9.88E-03 8.97E-05 3.32E-02 4.18E-04 4.36E-02 4.36E-02 
1.500E+01 6.31E-06 9.38E-03 8.30E-05 3.45E-02 4.47E-04 4.44E-02 4.44E-02 
1.600E+01 5.55E-06 8.93E-03 7.72E-05 3.58E-02 4.74E-04 4.52E-02 4.52E-02 
1.800E+01 4.38E-06 8.16E-03 6.77E-05 3.80E-02 5.24E-04 4.67E-02 4.67E-02 
2.000E+01 3.55E-06 7.53E-03 6.03E-05 4.00E-02 5.70E-04 4.82E-02 4.82E-02 
2.200E+01 2.93E-06 6.99E-03 5.44E-05 4.18E-02 6.12E-04 4.95E-02 4.95E-02 
2.400E+01 2.47E-06 6.53E-03 4.94E-05 4.35E-02 6.50E-04 5.07E-02 5.07E-02 
2.600E+01 2.10E-06 6.13E-03 4.54E-05 4.50E-02 6.86E-04 5.18E-02 5.18E-02 
2.800E+01 1.81E-06 5.79E-03 4.19E-05 4.63E-02 7.18E-04 5.29E-02 5.29E-02 
3.000E+01 1.58E-06 5.48E-03 3.89E-05 4.76E-02 7.49E-04 5.39E-02 5.39E-02 
4.000E+01 8.88E-07 4.35E-03 2.87E-05 5.27E-02 8.75E-04 5.80E-02 5.80E-02 
5.000E+01 5.68E-07 3.63E-03 2.27E-05 5.66E-02 9.71E-04 6.12E-02 6.12E-02 
6.000E+01 3.95E-07 3.13E-03 1.88E-05 5.96E-02 1.05E-03 6.38E-02 6.38E-02 
8.000E+01 2.22E-07 2.47E-03 1.40E-05 6.40E-02 1.16E-03 6.76E-02 6.76E-02 
1.000E+02 1.42E-07 2.05E-03 1.11E-05 6.71E-02 1.24E-03 7.04E-02 7.04E-02 
1.500E+02 6.31E-08 1.46E-03 7.37E-06 7.21E-02 1.38E-03 7.49E-02 7.49E-02 
2.000E+02 3.55E-08 1.14E-03 5.51E-06 7.50E-02 1.47E-03 7.77E-02 7.77E-02 
3.000E+02 1.58E-08 8.11E-04 3.66E-06 7.85E-02 1.57E-03 8.09E-02 8.09E-02 
4.000E+02 8.88E-09 6.35E-04 2.74E-06 8.05E-02 1.64E-03 8.28E-02 8.28E-02 
5.000E+02 5.68E-09 5.26E-04 2.19E-06 8.18E-02 1.68E-03 8.40E-02 8.40E-02 
6.000E+02 3.95E-09 4.50E-04 1.82E-06 8.27E-02 1.71E-03 8.49E-02 8.49E-02 
8.000E+02 2.22E-09 3.52E-04 1.37E-06 8.40E-02 1.75E-03 8.61E-02 8.61E-02 
1.000E+03 1.42E-09 2.89E-04 1.09E-06 8.48E-02 1.78E-03 8.69E-02 8.69E-02 
1.500E+03 6.31E-10 2.02E-04 7.27E-07 8.60E-02 1.83E-03 8.80E-02 8.80E-02 
2.000E+03 3.55E-10 1.56E-04 5.45E-07 8.66E-02 1.85E-03 8.87E-02 8.87E-02 
3.000E+03 1.58E-10 1.09E-04 3.64E-07 8.73E-02 1.88E-03 8.93E-02 8.93E-02 
4.000E+03 8.88E-11 8.39E-05 2.73E-07 8.77E-02 1.89E-03 8.97E-02 8.97E-02 
5.000E+03 5.68E-11 6.86E-05 2.18E-07 8.79E-02 1.90E-03 8.99E-02 8.99E-02 
6.000E+03 3.95E-11 5.82E-05 1.82E-07 8.81E-02 1.91E-03 9.01E-02 9.01E-02 
8.000E+03 2.22E-11 4.48E-05 1.36E-07 8.83E-02 1.92E-03 9.03E-02 9.03E-02 
1.000E+04 1.42E-11 3.66E-05 1.09E-07 8.84E-02 1.92E-03 9.04E-02 9.04E-02 
1.500E+04 6.31E-12 2.53E-05 7.27E-08 8.86E-02 1.93E-03 9.06E-02 9.06E-02 
2.000E+04 3.55E-12 1.95E-05 5.45E-08 8.87E-02 1.93E-03 9.07E-02 9.07E-02 
3.000E+04 1.58E-12 1.34E-05 3.63E-08 8.88E-02 1.94E-03 9.08E-02 9.08E-02 
4.000E+04 8.88E-13 1.03E-05 2.73E-08 8.89E-02 1.94E-03 9.08E-02 9.08E-02 
5.000E+04 5.68E-13 8.38E-06 2.18E-08 8.89E-02 1.94E-03 9.09E-02 9.09E-02 
6.000E+04 3.95E-13 7.09E-06 1.82E-08 8.89E-02 1.94E-03 9.09E-02 9.09E-02 
8.000E+04 2.22E-13 5.44E-06 1.36E-08 8.90E-02 1.94E-03 9.09E-02 9.09E-02 
1.000E+05 1.42E-13 4.42E-06 1.09E-08 8.90E-02 1.95E-03 9.09E-02 9.09E-02 
